43,36
43,35
3,2
3,1
3,3
10,99
10,125
10,295
10,129
10,251
10,9
10,95
10,153
9,5
8,7
8,14
8,13
8,10
8,8
8,2
8,3
38,3
38,2
38,1
38,0
37,3
37,2
37,1
37,0
36,3
36,2
36,1
36,0
35,3
35,2
35,1
35,0
34,3
34,2
34,1
34,0
33,3
33,2
33,1
33,0
32,4
32,3
32,2
32,1
32,0
31,3
31,2
31,1
31,0
30,4
30,3
30,2
30,1
30,0
27,5
27,4
27,3
2,2
2,1
27,2
2,3
27,1
24,3
24,1
20,3
20,2
20,1
19,3
19,2
19,1
18,3
18,1
14,3
14,1
13,3
13,1
12,3
12,2
12,1
11,28
11,27
11,26
11,25
11,24
11,23
11,20
11,19
11,18
11,16
11,15
11,14
11,13
11,12
11,11
11,10
11,9
11,7
